-0.200	984.000	2.465	0.891	-0.095	10.710
0.100	986.000	2.487	0.876	-0.094	10.750
0.000	991.000	2.483	0.885	-0.095	10.760
0.200	998.000	2.487	0.880	-0.095	10.770
0.000	1004.000	2.511	0.868	-0.093	10.770
-0.100	996.000	2.498	0.858	-0.093	10.870
-0.000	998.000	2.499	0.854	-0.093	10.930
0.000	996.000	2.491	0.844	-0.092	10.940
0.400	1002.000	2.511	0.854	-0.093	10.910
-0.100	997.000	2.507	0.820	-0.091	11.110
-0.000	997.000	2.508	0.812	-0.090	11.120
0.100	996.000	2.502	0.867	-0.096	11.120
-0.300	998.000	2.488	0.834	-0.093	11.200
-0.100	1003.000	2.517	0.846	-0.095	11.180
0.100	996.000	2.516	0.848	-0.095	11.160
0.100	1008.000	2.528	0.834	-0.093	11.200
0.000	747.000	1.880	0.604	-0.074	12.210
-0.100	741.000	1.875	0.584	-0.072	12.280
-0.200	747.000	1.880	0.617	-0.075	12.200
-0.100	739.000	1.863	0.610	-0.074	12.170
-0.100	747.000	1.881	0.594	-0.073	12.320
-0.300	748.000	1.895	0.606	-0.074	12.180
-0.100	754.000	1.893	0.596	-0.073	12.250
-0.000	742.000	1.854	0.584	-0.072	12.410
0.500	747.000	1.880	0.581	-0.073	12.520
0.000	746.000	1.872	0.575	-0.072	12.450
-0.200	753.000	1.892	0.570	-0.071	12.510
0.000	753.000	1.897	0.577	-0.072	12.550
-0.200	752.000	1.896	0.604	-0.075	12.450
0.400	739.000	1.860	0.566	-0.071	12.550
0.100	733.000	1.845	0.581	-0.073	12.570
0.100	558.000	1.434	0.397	-0.057	14.240
0.100	552.000	1.419	0.394	-0.056	14.280
0.300	556.000	1.425	0.394	-0.057	14.340
-0.000	558.000	1.430	0.408	-0.058	14.170
-0.100	567.000	1.452	0.423	-0.059	13.950
-0.200	568.000	1.451	0.422	-0.059	14.040
0.000	565.000	1.436	0.390	-0.056	14.450
-0.100	555.000	1.427	0.396	-0.057	14.370
-0.000	555.000	1.424	0.386	-0.056	14.640
0.100	559.000	1.439	0.396	-0.057	14.460
0.000	560.000	1.431	0.390	-0.057	14.560
-0.300	554.000	1.402	0.378	-0.055	14.690
0.100	557.000	1.418	0.394	-0.058	14.690
0.100	374.000	0.996	0.207	-0.042	20.380
0.100	378.000	1.010	0.207	-0.042	20.300
-0.400	377.000	1.007	0.218	-0.043	19.850
-0.100	377.000	1.012	0.216	-0.043	19.920
0.200	372.000	1.005	0.198	-0.042	21.150
-0.400	370.000	0.991	0.212	-0.043	20.120
0.000	371.000	0.993	0.205	-0.042	20.700
0.100	376.000	1.007	0.204	-0.042	20.760
0.200	376.000	1.011	0.219	-0.044	20.140
-0.000	375.000	1.010	0.202	-0.042	20.840
-0.000	378.000	1.010	0.194	-0.042	21.700
0.000	376.000	1.007	0.192	-0.042	21.790
0.100	371.000	0.992	0.181	-0.041	22.460
0.100	377.000	1.010	0.198	-0.043	21.540
-0.000	376.000	1.013	0.195	-0.042	21.700
-0.100	256.000	0.709	0.049	-0.030	62.050
0.100	254.000	0.702	0.050	-0.030	60.060
0.100	254.000	0.699	0.041	-0.030	71.230
-0.100	250.000	0.689	0.035	-0.029	83.420
-0.100	251.000	0.696	0.045	-0.030	66.620
-0.100	251.000	0.690	0.033	-0.029	87.050
-0.100	249.000	0.686	0.032	-0.029	92.590
-0.000	251.000	0.694	0.038	-0.029	77.480
0.500	252.000	0.692	0.034	-0.030	87.780
0.000	250.000	0.692	0.034	-0.029	85.390
-0.200	249.000	0.687	0.023	-0.028	123.170
0.100	252.000	0.698	0.031	-0.030	96.790
0.000	252.000	0.694	0.030	-0.029	95.100
-0.100	251.000	0.692	0.033	-0.030	91.570
-0.100	249.000	0.690	0.023	-0.029	124.890
-0.000	251.000	0.693	0.028	-0.029	105.820
0.200	250.000	0.692	0.028	-0.030	107.180
0.100	140.000	0.402	-0.129	-0.015	-11.520
0.000	140.000	0.403	-0.129	-0.015	-11.320
-0.100	140.000	0.403	-0.131	-0.015	-11.310
-0.100	141.000	0.404	-0.136	-0.014	-10.210
-0.100	140.000	0.401	-0.138	-0.014	-10.310
0.100	140.000	0.401	-0.128	-0.015	-11.570
0.100	141.000	0.403	-0.134	-0.014	-10.680
-0.000	141.000	0.401	-0.137	-0.014	-10.170
-0.200	140.000	0.399	-0.132	-0.015	-11.100
0.100	142.000	0.404	-0.130	-0.015	-11.400
0.100	141.000	0.401	-0.131	-0.015	-11.430
0.000	142.000	0.402	-0.136	-0.014	-10.530
-0.100	141.000	0.399	-0.138	-0.014	-10.280
-0.000	141.000	0.405	-0.137	-0.015	-10.610
0.200	140.000	0.401	-0.137	-0.014	-10.480
0.100	140.000	0.398	-0.138	-0.014	-10.040
0.100	60.000	0.197	-0.339	0.006	1.690
0.100	60.000	0.197	-0.359	0.007	1.920
0.000	60.000	0.200	-0.353	0.007	1.980
0.000	60.000	0.200	-0.345	0.006	1.690
-0.000	60.000	0.198	-0.354	0.007	1.870
0.100	60.000	0.196	-0.326	0.004	1.300
0.000	59.000	0.197	-0.345	0.006	1.820
0.000	60.000	0.197	-0.344	0.006	1.620
0.100	59.000	0.195	-0.346	0.006	1.710
-0.000	60.000	0.197	-0.352	0.006	1.770
0.000	61.000	0.196	-0.346	0.006	1.700
-0.200	60.000	0.195	-0.344	0.006	1.700
0.200	60.000	0.196	-0.355	0.007	1.840
-0.100	16.000	0.085	-0.287	-0.000	-0.150
-0.000	16.000	0.086	-0.296	0.001	0.200
0.100	16.000	0.085	-0.285	-0.000	-0.140
-0.000	16.000	0.086	-0.300	0.001	0.190
-0.100	16.000	0.086	-0.295	0.000	0.080
0.100	16.000	0.084	-0.294	0.000	0.000
0.200	16.000	0.085	-0.295	-0.000	-0.030
-0.200	16.000	0.085	-0.294	0.000	0.030
0.100	17.000	0.087	-0.298	0.000	0.090
-0.200	16.000	0.086	-0.296	-0.000	-0.030
0.200	17.000	0.086	-0.300	0.000	0.060
0.100	16.000	0.085	-0.300	0.001	0.220
0.100	17.000	0.087	-0.303	0.000	0.110
-0.200	16.000	0.085	-0.287	-0.001	-0.210
-0.100	16.000	0.092	-0.294	0.001	0.210
-0.100	17.000	0.085	-0.292	-0.000	-0.060
-0.000	17.000	0.086	-0.298	0.000	0.000
