0.000	946.000	0.458	0.095	0.004	-4.080
0.100	952.000	0.462	0.089	0.004	-4.460
-0.000	949.000	0.460	0.095	0.004	-4.000
-0.000	951.000	0.462	0.092	0.004	-4.270
0.000	946.000	0.458	0.090	0.004	-4.110
0.000	956.000	0.463	0.086	0.004	-4.540
-0.100	953.000	0.464	0.092	0.004	-3.930
0.200	955.000	0.459	0.074	0.004	-4.990
-0.000	957.000	0.464	0.078	0.003	-4.440
-0.100	957.000	0.467	0.082	0.003	-4.180
0.000	951.000	0.461	0.072	0.004	-4.920
-0.000	956.000	0.465	0.069	0.004	-5.320
-0.300	953.000	0.462	0.068	0.003	-5.130
0.100	755.000	0.381	-0.017	0.003	18.100
-0.100	741.000	0.379	-0.021	0.003	16.410
-0.100	736.000	0.377	-0.025	0.003	13.910
0.100	747.000	0.380	-0.021	0.003	14.000
-0.000	748.000	0.381	-0.030	0.003	10.590
-0.200	745.000	0.380	-0.036	0.003	9.160
-0.200	745.000	0.380	-0.033	0.003	9.130
-0.000	729.000	0.376	-0.041	0.004	8.780
-0.100	746.000	0.380	-0.045	0.003	6.850
-0.100	749.000	0.380	-0.044	0.003	7.080
-0.200	745.000	0.380	-0.045	0.003	6.860
-0.200	749.000	0.379	-0.049	0.003	6.040
-0.100	744.000	0.378	-0.050	0.003	6.070
-0.100	750.000	0.379	-0.053	0.003	5.190
0.300	745.000	0.380	-0.055	0.003	5.470
-0.200	741.000	0.378	-0.057	0.003	5.670
0.100	746.000	0.381	-0.059	0.003	5.440
-0.400	746.000	0.378	-0.058	0.003	5.210
-0.100	744.000	0.377	-0.071	0.003	4.050
-0.100	749.000	0.379	-0.067	0.003	4.510
-0.100	733.000	0.376	-0.071	0.003	4.850
0.100	560.000	0.311	-0.084	-0.000	-0.380
-0.200	562.000	0.313	-0.085	0.000	0.100
0.100	571.000	0.314	-0.094	0.000	0.530
0.100	572.000	0.315	-0.089	0.000	0.160
0.000	573.000	0.314	-0.091	0.000	0.420
0.100	573.000	0.315	-0.095	0.001	0.530
-0.000	568.000	0.314	-0.092	0.000	0.490
0.100	570.000	0.316	-0.094	0.000	0.040
0.000	562.000	0.315	-0.087	0.000	0.050
0.100	576.000	0.317	-0.100	0.001	0.960
0.000	571.000	0.316	-0.101	0.000	0.400
0.000	572.000	0.317	-0.098	0.000	0.210
-0.000	568.000	0.315	-0.099	0.000	0.140
-0.000	567.000	0.314	-0.102	0.001	0.530
-0.000	570.000	0.314	-0.098	0.000	0.100
0.200	563.000	0.312	-0.104	0.000	0.130
0.100	567.000	0.299	-0.051	-0.007	-13.370
0.000	567.000	0.312	-0.098	0.000	0.080
0.000	567.000	0.314	-0.102	0.000	0.080
-0.200	560.000	0.310	-0.112	0.001	0.510
-0.100	373.000	0.264	-0.073	-0.007	-9.350
-0.100	375.000	0.268	-0.084	-0.006	-7.130
-0.100	381.000	0.272	-0.096	-0.005	-4.950
0.000	373.000	0.265	-0.080	-0.006	-8.040
-0.000	378.000	0.267	-0.074	-0.007	-9.710
-0.000	387.000	0.270	-0.097	-0.005	-5.100
0.000	383.000	0.268	-0.077	-0.006	-8.300
0.100	380.000	0.267	-0.087	-0.006	-6.630
-0.200	379.000	0.266	-0.068	-0.007	-10.860
0.100	374.000	0.268	-0.083	-0.006	-7.040
-0.000	376.000	0.270	-0.087	-0.005	-6.040
-0.200	378.000	0.269	-0.086	-0.005	-6.390
-0.200	375.000	0.267	-0.088	-0.006	-6.780
-0.000	377.000	0.268	-0.081	-0.006	-7.700
-0.100	380.000	0.269	-0.086	-0.006	-6.970
-0.100	377.000	0.267	-0.086	-0.006	-6.630
0.300	375.000	0.266	-0.076	-0.007	-8.610
-0.200	384.000	0.272	-0.095	-0.005	-5.250
0.100	374.000	0.267	-0.086	-0.006	-6.620
-0.100	381.000	0.270	-0.076	-0.006	-8.190
0.000	373.000	0.268	-0.084	-0.006	-7.190
-0.200	376.000	0.267	-0.078	-0.006	-7.990
0.100	380.000	0.270	-0.093	-0.006	-6.300
0.100	377.000	0.273	-0.105	-0.004	-3.740
-0.300	232.000	0.180	-0.123	-0.002	-1.270
-0.100	234.000	0.182	-0.123	-0.002	-1.260
-0.100	233.000	0.181	-0.123	-0.001	-1.090
0.200	232.000	0.181	-0.117	-0.001	-1.240
-0.100	234.000	0.182	-0.119	-0.001	-1.240
-0.100	235.000	0.182	-0.129	-0.002	-1.230
-0.100	234.000	0.182	-0.121	-0.001	-1.180
0.100	233.000	0.184	-0.116	-0.001	-1.200
0.600	233.000	0.180	-0.121	-0.002	-1.360
0.100	233.000	0.180	-0.116	-0.002	-1.450
-0.200	237.000	0.183	-0.113	-0.002	-1.460
-0.100	233.000	0.182	-0.122	-0.001	-1.200
-0.100	234.000	0.182	-0.117	-0.001	-1.190
0.100	232.000	0.179	-0.110	-0.002	-1.400
-0.100	136.000	0.098	-0.104	-0.001	-1.130
-0.200	135.000	0.097	-0.101	-0.001	-1.390
-0.100	137.000	0.099	-0.097	-0.001	-1.090
-0.100	136.000	0.099	-0.099	-0.001	-1.240
-0.100	136.000	0.098	-0.096	-0.001	-1.560
-0.200	136.000	0.098	-0.098	-0.001	-1.440
-0.100	137.000	0.098	-0.092	-0.001	-1.600
0.100	136.000	0.098	-0.097	-0.001	-1.390
-0.000	136.000	0.098	-0.093	-0.001	-1.250
-0.100	137.000	0.098	-0.096	-0.001	-1.280
0.100	135.000	0.096	-0.090	-0.001	-1.280
-0.000	135.000	0.097	-0.086	-0.001	-1.410
-0.100	138.000	0.099	-0.084	-0.001	-1.440
-0.100	136.000	0.096	-0.080	-0.001	-1.490
-0.300	138.000	0.099	-0.077	-0.001	-1.670
-0.000	63.000	0.035	-0.064	-0.001	-2.350
0.100	63.000	0.035	-0.062	-0.001	-2.270
-0.100	62.000	0.034	-0.066	-0.001	-1.980
-0.100	63.000	0.034	-0.065	-0.001	-2.180
0.100	63.000	0.035	-0.061	-0.001	-2.220
-0.100	63.000	0.034	-0.063	-0.001	-2.190
0.400	63.000	0.035	-0.061	-0.001	-2.250
-0.100	63.000	0.035	-0.057	-0.001	-2.620
0.100	63.000	0.032	-0.060	-0.001	-2.270
-0.100	63.000	0.034	-0.058	-0.001	-2.260
-0.100	63.000	0.033	-0.058	-0.002	-2.590
0.000	63.000	0.033	-0.061	-0.001	-2.090
0.100	63.000	0.035	-0.053	-0.001	-2.580
0.100	63.000	0.034	-0.056	-0.001	-2.450
0.000	63.000	0.034	-0.054	-0.001	-2.520
0.100	63.000	0.034	-0.058	-0.001	-2.430
0.000	62.000	0.033	-0.051	-0.001	-2.590
-0.100	62.000	0.034	-0.055	-0.001	-2.200
0.000	15.000	-0.007	-0.040	-0.001	-3.680
-0.200	15.000	-0.007	-0.040	-0.001	-3.460
0.000	15.000	-0.006	-0.042	-0.001	-3.180
-0.100	15.000	-0.006	-0.038	-0.001	-3.460
-0.200	15.000	-0.006	-0.033	-0.001	-4.300
0.100	15.000	-0.006	-0.036	-0.001	-3.930
0.000	15.000	-0.006	-0.038	-0.001	-3.700
-0.300	15.000	-0.006	-0.036	-0.001	-4.020
-0.100	15.000	-0.005	-0.038	-0.001	-3.370
-0.000	15.000	-0.006	-0.036	-0.001	-4.050
-0.100	15.000	-0.006	-0.034	-0.001	-4.210
0.000	15.000	-0.006	-0.032	-0.001	-4.420
-0.000	15.000	-0.008	-0.038	-0.001	-3.610
0.100	15.000	-0.005	-0.031	-0.001	-4.460
0.200	15.000	-0.006	-0.034	-0.001	-3.940
-0.200	15.000	-0.006	-0.036	-0.001	-3.940
-0.100	15.000	-0.006	-0.031	-0.001	-4.610
-0.000	15.000	-0.006	-0.033	-0.001	-4.070
-0.400	15.000	-0.006	-0.033	-0.001	-4.250
