0.000	995.000	2.504	-1.560	0.151	9.650
-0.000	949.000	2.684	-0.441	0.047	10.560
0.100	956.000	2.676	-0.252	0.028	10.960
-0.100	947.000	2.651	-0.349	0.036	10.390
0.000	959.000	2.559	-0.637	0.065	10.170
-0.100	971.000	2.604	-0.329	0.031	9.460
-0.000	965.000	2.545	-0.678	0.066	9.750
-0.100	988.000	2.493	-1.375	0.129	9.410
-0.100	968.000	2.510	-0.534	0.050	9.420
-0.200	973.000	2.577	-0.868	0.080	9.180
-0.300	985.000	2.502	-1.026	0.095	9.280
-0.100	983.000	2.539	-1.252	0.116	9.310
-0.000	944.000	2.660	-0.295	0.029	9.740
-0.100	938.000	2.702	-0.360	0.034	9.350
0.200	963.000	2.605	-0.727	0.068	9.320
0.100	987.000	2.404	-1.006	0.091	9.080
0.100	959.000	2.646	-0.526	0.045	8.570
-0.100	959.000	2.647	-0.492	0.043	8.680
0.000	769.000	2.947	-2.149	0.215	10.010
-0.000	756.000	2.878	-1.772	0.181	10.220
-0.100	764.000	2.894	-1.807	0.185	10.240
-0.100	770.000	2.923	-1.933	0.195	10.070
0.000	778.000	2.916	-1.714	0.172	10.060
-0.200	761.000	2.879	-1.648	0.168	10.170
-0.200	757.000	2.875	-1.867	0.189	10.110
0.200	769.000	2.875	-1.594	0.165	10.360
-0.000	767.000	2.884	-1.738	0.175	10.090
-0.000	768.000	2.939	-2.041	0.203	9.940
-0.100	753.000	2.895	-2.114	0.211	9.970
-0.100	756.000	2.890	-2.056	0.205	9.970
0.000	777.000	2.916	-1.724	0.175	10.140
0.100	768.000	2.922	-2.069	0.207	10.000
0.000	769.000	2.917	-1.877	0.189	10.060
-0.000	767.000	2.897	-1.745	0.175	10.050
0.100	768.000	2.900	-1.973	0.196	9.930
-0.200	759.000	2.884	-2.007	0.198	9.880
-0.100	761.000	2.899	-1.981	0.197	9.920
-0.000	763.000	2.862	-1.674	0.169	10.110
-0.100	778.000	2.909	-1.719	0.173	10.060
0.100	769.000	2.933	-2.060	0.205	9.940
0.000	757.000	2.882	-2.011	0.199	9.870
-0.100	775.000	2.938	-1.913	0.188	9.850
-0.100	772.000	2.921	-1.985	0.195	9.820
-0.000	760.000	2.890	-1.980	0.196	9.880
0.000	582.000	2.390	-2.174	0.213	9.810
0.100	596.000	2.396	-1.954	0.193	9.880
0.100	582.000	2.380	-2.121	0.208	9.820
-0.100	599.000	2.429	-2.156	0.211	9.780
0.100	601.000	2.478	-2.279	0.223	9.760
-0.200	586.000	2.399	-2.186	0.213	9.720
0.400	576.000	2.366	-2.195	0.215	9.790
-0.100	580.000	2.389	-2.360	0.229	9.700
0.100	592.000	2.413	-2.134	0.210	9.830
0.200	591.000	2.405	-2.253	0.219	9.730
0.000	572.000	2.329	-2.024	0.199	9.810
-0.100	585.000	2.393	-2.164	0.212	9.790
-0.000	596.000	2.421	-2.067	0.203	9.830
0.100	583.000	2.380	-2.125	0.208	9.810
-0.100	590.000	2.404	-2.198	0.214	9.720
-0.000	586.000	2.390	-2.110	0.207	9.790
0.100	589.000	2.412	-2.308	0.223	9.680
0.100	580.000	2.383	-2.220	0.215	9.690
-0.100	575.000	2.374	-2.294	0.223	9.730
-0.100	380.000	1.618	-2.128	0.206	9.670
0.000	373.000	1.610	-2.230	0.215	9.640
0.100	374.000	1.612	-2.189	0.211	9.640
-0.000	379.000	1.619	-2.182	0.211	9.670
0.000	375.000	1.614	-2.203	0.213	9.670
-0.100	372.000	1.589	-2.019	0.196	9.730
0.100	372.000	1.606	-2.215	0.214	9.660
0.100	373.000	1.602	-2.176	0.210	9.630
0.100	373.000	1.606	-2.216	0.214	9.660
0.200	379.000	1.609	-2.084	0.202	9.690
-0.200	377.000	1.628	-2.203	0.214	9.700
0.000	376.000	1.621	-2.197	0.213	9.690
0.000	372.000	1.598	-2.228	0.215	9.660
-0.100	261.000	1.145	-2.137	0.207	9.680
-0.100	262.000	1.150	-2.167	0.211	9.710
0.100	260.000	1.157	-2.209	0.214	9.710
0.000	256.000	1.138	-2.149	0.209	9.710
-0.200	258.000	1.138	-2.157	0.209	9.690
0.100	261.000	1.149	-2.177	0.212	9.720
-0.100	262.000	1.142	-2.107	0.205	9.740
-0.200	258.000	1.146	-2.222	0.216	9.710
-0.100	258.000	1.140	-2.170	0.211	9.740
0.000	258.000	1.138	-2.149	0.209	9.730
-0.100	260.000	1.151	-2.247	0.218	9.720
-0.100	258.000	1.146	-2.222	0.216	9.720
0.000	262.000	1.158	-2.177	0.212	9.730
-0.000	263.000	1.158	-2.175	0.212	9.740
0.000	142.000	0.661	-2.175	0.212	9.750
0.000	142.000	0.654	-2.115	0.207	9.780
-0.200	143.000	0.657	-2.122	0.207	9.760
0.100	142.000	0.655	-2.141	0.209	9.760
0.100	142.000	0.658	-2.129	0.208	9.770
0.100	141.000	0.655	-2.126	0.207	9.760
-0.000	140.000	0.652	-2.117	0.207	9.770
0.200	142.000	0.655	-2.112	0.206	9.770
0.000	143.000	0.658	-2.149	0.210	9.760
-0.200	141.000	0.657	-2.118	0.208	9.800
-0.200	142.000	0.657	-2.113	0.206	9.760
-0.300	141.000	0.655	-2.134	0.209	9.780
0.300	142.000	0.651	-2.118	0.207	9.790
0.000	141.000	0.652	-2.119	0.207	9.770
-0.100	66.000	0.346	-2.097	0.207	9.880
0.000	66.000	0.354	-2.116	0.209	9.870
-0.200	66.000	0.347	-2.094	0.207	9.890
0.100	67.000	0.351	-2.100	0.208	9.890
-0.100	67.000	0.347	-2.092	0.207	9.910
-0.200	67.000	0.347	-2.107	0.208	9.890
-0.000	66.000	0.347	-2.093	0.207	9.910
-0.200	67.000	0.352	-2.096	0.208	9.920
0.200	67.000	0.351	-2.087	0.207	9.930
-0.100	67.000	0.350	-2.096	0.208	9.920
0.100	67.000	0.348	-2.091	0.208	9.920
-0.100	67.000	0.350	-2.087	0.207	9.910
-0.000	66.000	0.349	-2.076	0.206	9.940
-0.100	66.000	0.347	-2.081	0.206	9.920
0.100	67.000	0.351	-2.087	0.207	9.930
-0.100	14.000	0.142	-2.059	0.207	10.030
0.200	15.000	0.141	-2.067	0.207	9.990
-0.100	15.000	0.142	-2.060	0.207	10.020
-0.100	15.000	0.143	-2.068	0.207	10.010
0.000	15.000	0.144	-2.059	0.206	10.020
0.100	14.000	0.141	-2.062	0.207	10.030
0.100	14.000	0.141	-2.062	0.207	10.020
-0.100	15.000	0.143	-2.061	0.207	10.030
-0.200	15.000	0.141	-2.060	0.206	10.020
-0.100	15.000	0.142	-2.063	0.207	10.030
